min(A) =-3.76546 -3.91957 -4.13756 -4.85529 -4.35988
max(A) =5.59427 5.78152 7.9746 6.62145 5.28151
max(A.abs()) =5.59427 5.78152 7.9746 6.62145 5.28151
mean(A) =1.12788 1.39745 1.00663 1.08672 0.955423

Centering...

min(A) =-4.89333 -5.31702 -5.14419 -5.94201 -5.3153
max(A) =4.46639 4.38407 6.96798 5.53472 4.32609
max(A.abs()) =4.89333 5.31702 6.96798 5.94201 5.3153
mean(A) =2.5091e-16 3.44169e-16 -6.83897e-16 -2.84217e-16 1.19904e-16
