min(A) =-3.52166 -3.49194 -4.39433 -4.23136 -3.47108
max(A) =5.35241 6.53533 6.08811 7.43489 5.9958
max(A.abs()) =5.35241 6.53533 6.08811 7.43489 5.9958
mean(A) =1.1036 1.33522 0.998033 0.903873 1.35268

Centering...

min(A) =-4.62526 -4.82716 -5.39236 -5.13523 -4.82376
max(A) =4.24882 5.20012 5.09008 6.53102 4.64313
max(A.abs()) =4.62526 5.20012 5.39236 6.53102 4.82376
mean(A) =-3.01981e-16 -1.55431e-17 -2.30926e-16 2.33147e-17 5.01821e-16
