mean(A) =2.2971 2.16758 1.03498 1.71733 1.03888 2.30999 1.44662 1.12667
variance(A) =3.30026 0.93551 2.91314 1.59223 2.15216 1.04304 5.88918 2.57214


mean(A) =-3.88578e-17 4.44089e-16 -4.44089e-17 -8.88178e-17 -4.44089e-17 -4.44089e-17 0 -4.44089e-17
variance(A) =1 1 1 1 1 1 1 1


mean(A) =2.2971 2.16758 1.03498 1.71733 1.03888 2.30999 1.44662 1.12667
variance(A) =3.30026 0.93551 2.91314 1.59223 2.15216 1.04304 5.88918 2.57214


