mean(A) =1.17981 2.05352 0.339851 1.25085 0.760685 0.878685 0.722511 0.0667084
variance(A) =1.64512 2.2913 3.95029 3.88707 8.99953 1.1543 1.38419 4.13585


mean(A) =5.55112e-17 -2.22045e-17 -2.22045e-17 0 3.26128e-17 2.22045e-17 0 8.88178e-17
variance(A) =1 1 1 1 1 1 1 1


mean(A) =1.17981 2.05352 0.339851 1.25085 0.760685 0.878685 0.722511 0.0667084
variance(A) =1.64512 2.2913 3.95029 3.88707 8.99953 1.1543 1.38419 4.13585


