min(A) =-4.97337 -5.78026 -4.31822 -4.57376 -5.07644
max(A) =5.43914 6.08959 6.91138 6.751 6.38354
max(A.abs()) =5.43914 6.08959 6.91138 6.751 6.38354
mean(A) =1.0716 0.52359 0.799776 1.37117 0.818364

Centering...

min(A) =-6.04498 -6.30385 -5.11799 -5.94494 -5.8948
max(A) =4.36754 5.566 6.1116 5.37983 5.56517
max(A.abs()) =6.04498 6.30385 6.1116 5.94494 5.8948
mean(A) =1.04361e-16 6.55032e-17 3.24185e-16 -5.41789e-16 2.30926e-16
