min(A) =-3.03568 -6.61451 -4.40302 -3.51961 -3.35881
max(A) =5.50908 5.11638 5.73466 5.73621 5.29701
max(A.abs()) =5.50908 6.61451 5.73466 5.73621 5.29701
mean(A) =0.882758 1.00008 0.668893 1.27236 1.34981

Centering...

min(A) =-3.91843 -7.61459 -5.07191 -4.79197 -4.70862
max(A) =4.62633 4.1163 5.06576 4.46386 3.9472
max(A.abs()) =4.62633 7.61459 5.07191 4.79197 4.70862
mean(A) =-1.93179e-16 -2.0095e-16 -1.57652e-16 -2.33147e-16 -2.77556e-16
